0.00000000	-0.00009590	-0.00197427	0.00000000	11.44341755	4.33852959	2.59018731	0.00000000	0.00000000	0.00000000	0.00000000	0.00000000	0.00000000	2.19459796	1.22817624	0.00000000	0.00000000	0.00000000	0.00000000	-0.02124906	27.60869217	1.38249934	353.01690674	326.53637695	
0.00000000	-0.00007907	-0.00161129	0.00000000	11.44341755	4.33852959	2.59018731	0.00000000	0.00000000	0.00000000	0.00000000	0.00000000	0.00000000	2.19459820	1.22817624	0.00000000	0.00000000	0.00000000	0.00000000	-0.01579671	11.42941093	3.37957835	356.42178345	348.84188843	
0.00000000	-0.00009173	-0.00185953	0.00000000	11.44341755	4.33852959	2.59018731	0.00000000	0.00000000	0.00000000	0.00000000	0.00000000	0.00000000	2.19459796	1.22817624	0.00000000	0.00000000	0.00000000	0.00000000	-0.01544627	12.83075047	4.40146255	358.81561279	350.58386230	
0.29030162	0.00080807	-0.00326597	0.00137317	26.75671577	6.13099766	4.87340879	2.64137936	1.14986432	0.00102992	0.00034324	0.11602098	0.05801049	3.30896139	2.09146619	0.15336810	0.13693348	0.00000000	0.00137317	-0.01465382	3.51146483	2.20957518	354.42810059	354.92813110	
4.94585896	0.00741757	0.00388350	0.01207113	83.34072876	13.48677158	13.12602615	12.46202946	2.52950191	0.00664882	0.00542231	0.60277170	0.30138585	6.77213049	2.52950191	0.98452431	3.96133471	0.00259005	0.01466118	-0.02361361	24.51063347	0.44912890	342.95446777	328.29238892	
6.20806837	0.00808151	0.00429566	0.01567860	132.50587463	15.46689796	15.52313805	14.82217789	1.92584157	0.00869848	0.00698012	1.11140299	0.55570149	7.52824497	1.92584157	0.99798685	5.21008110	0.00285049	0.01852909	-0.16909172	34.50975418	0.00000000	260.58648682	233.82514954	
6.18347502	0.00801057	0.00374052	0.01583621	136.01986694	15.61333466	15.64118195	14.94491291	1.91172886	0.00883151	0.00700470	1.15390921	0.57695460	7.61489868	1.91172886	0.99793673	5.18553829	0.00242370	0.01825991	-0.18919788	10.44712734	0.00000000	176.93634033	234.15667725	
6.15857840	0.00791391	0.00376397	0.01502026	130.87506104	15.51192284	15.93180561	14.92583942	2.10885596	0.00815931	0.00686095	1.01300657	0.50650328	7.64307356	2.10885596	0.99788469	5.16069317	0.00224808	0.01726833	-0.08009803	0.00000000	0.00000000	151.15864563	249.01086426	
6.11832762	0.00649058	0.00235474	0.01244677	103.87353516	14.77157116	14.05408955	13.34645367	1.79754090	0.00692302	0.00552376	0.86092007	0.43046004	6.77831936	1.79754090	0.99779552	5.12053442	0.00113174	0.01357852	-0.04661148	0.00000000	0.00000000	151.23040771	283.39654541	
3.59827137	0.00358277	0.00004219	0.00625591	55.89962387	11.47141266	9.93974018	9.56363869	2.15896916	0.00370780	0.00254811	0.45241460	0.22620730	5.66400051	2.25076365	0.87657928	2.72169232	0.00147835	0.00773426	-0.02793216	0.00000000	0.00000000	153.35293579	308.45620728	
0.00000000	-0.00015481	-0.00303577	0.00000000	15.62805367	5.76503134	3.47923803	0.00000000	0.00000000	0.00000000	0.00000000	0.00000000	0.00000000	2.91200233	1.42281222	0.00000000	0.00000000	0.00000000	0.00000000	-0.02118316	0.00000000	0.00000000	177.32620239	327.39736938	
0.00000000	-0.00009864	-0.00175592	0.00000000	15.62805367	5.76503134	3.47923827	0.00000000	0.00000000	0.00000000	0.00000000	0.00000000	0.00000000	2.91200233	1.42281234	0.00000000	0.00000000	0.00000000	0.00000000	-0.01815378	0.09223359	0.00000000	259.60745239	338.50833130	
0.00000000	-0.00006810	-0.00139466	0.00000000	15.62805367	5.76503134	3.47923827	0.00000000	0.00000000	0.00000000	0.00000000	0.00000000	0.00000000	2.91200233	1.42281234	0.00000000	0.00000000	0.00000000	0.00000000	-0.01868385	6.44586468	0.06491943	338.44869995	337.53756714	
0.00000000	-0.00008209	-0.00145078	0.00000000	15.62805367	5.76503134	3.47923803	0.00000000	0.00000000	0.00000000	0.00000000	0.00000000	0.00000000	2.91200233	1.42281222	0.00000000	0.00000000	0.00000000	0.00000000	-0.01584274	4.42558718	0.81044823	351.72015381	348.70111084	
0.00000000	-0.00010458	-0.00224821	0.00000000	15.62805367	5.76503134	3.47923827	0.00000000	0.00000000	0.00000000	0.00000000	0.00000000	0.00000000	2.91200233	1.42281234	0.00000000	0.00000000	0.00000000	0.00000000	-0.01395240	0.52240360	1.11483240	352.16424561	358.65042114	
0.07120551	0.00018261	-0.00384886	0.00045818	25.43914795	6.41431570	4.53781605	1.22578764	0.64719528	0.00037569	0.00008249	0.06664944	0.03332472	3.38510132	1.92772627	0.04893751	0.02226800	0.00000000	0.00045818	-0.01420733	3.15006399	1.75425637	353.08203125	358.05902100	
4.75390673	0.00720483	0.00273320	0.01212252	88.36718750	13.78652287	13.09321022	12.59823990	2.37450671	0.00693078	0.00519174	0.68549699	0.34274849	6.84535551	2.37450671	0.96770525	3.78620148	0.00214481	0.01426733	-0.01724591	8.13618088	1.03860414	338.37066650	342.65582275	
6.66937923	0.00751040	0.00250644	0.01443399	108.97887421	15.06596851	14.24454117	13.54224682	1.61367273	0.00805063	0.00638336	0.91737723	0.45868862	6.69236898	1.61367273	0.99873078	5.67064857	0.00239985	0.01683384	-0.02257805	2.87904096	0.00000000	315.09118652	323.02932739	
6.64329147	0.00839197	0.00370384	0.01579922	121.55736542	15.57528114	15.72218800	14.94180870	1.83397698	0.00873046	0.00706876	0.96812439	0.48406219	7.32088947	1.83397698	0.99869722	5.64459372	0.00248227	0.01828148	-0.03251849	1.15381241	0.00000000	276.49023438	302.50396729	
6.61654377	0.00732102	0.00278088	0.01501174	124.52369690	15.63609123	15.11120415	14.52429390	1.61446798	0.00847420	0.00653754	1.10356128	0.55178064	7.20428514	1.61446798	0.99866182	5.61788130	0.00129714	0.01630888	-0.06917248	0.52343035	0.00000000	225.41218567	251.74728394	
6.57910633	0.00601927	0.00206979	0.01168392	90.62244415	14.51848888	13.32562637	12.64348888	1.57316840	0.00648321	0.00520070	0.76065046	0.38032523	6.24862242	1.57316840	0.99860990	5.58049679	0.00123102	0.01291493	-0.03479244	0.00000000	0.00000000	183.41108704	300.47122192	
3.93094349	0.00332114	-0.00005800	0.00583936	47.77396774	11.18210220	9.02455997	8.61910343	1.81212151	0.00347441	0.00236495	0.40699574	0.20349787	5.35027122	1.91460145	0.88758850	3.04335380	0.00098085	0.00682021	-0.01974140	0.00000000	0.00000000	243.34931946	332.86840820	
0.00000000	-0.00018019	-0.00359126	0.00000000	29.45684433	9.85635471	5.70425415	0.00000000	0.00000000	0.00000000	0.00000000	0.00000000	0.00000000	4.97672987	1.58843863	0.00000000	0.00000000	0.00000000	0.00000000	-0.01677383	0.39201322	0.00000000	332.00225830	344.40972900	
0.00000000	-0.00009868	-0.00184982	0.00000000	29.45684433	9.85635471	5.70425415	0.00000000	0.00000000	0.00000000	0.00000000	0.00000000	0.00000000	4.97672987	1.58843875	0.00000000	0.00000000	0.00000000	0.00000000	-0.01940226	24.88463783	3.05331731	356.08358765	334.17007446	
0.00000000	-0.00008217	-0.00149067	0.00000000	29.45684433	9.85635471	5.70425415	0.00000000	0.00000000	0.00000000	0.00000000	0.00000000	0.00000000	4.97672987	1.58843875	0.00000000	0.00000000	0.00000000	0.00000000	-0.02151377	29.36602402	2.19558144	354.38714600	327.58364868	
0.00000000	-0.00007304	-0.00154000	0.00000000	29.45684433	9.85635471	5.70425415	0.00000000	0.00000000	0.00000000	0.00000000	0.00000000	0.00000000	4.97672987	1.58843863	0.00000000	0.00000000	0.00000000	0.00000000	-0.01283797	1.03998625	0.52441084	351.01943970	366.47412109	
0.00000000	-0.00012387	-0.00275000	0.00000000	29.45684433	9.85635471	5.70425415	0.00000000	0.00000000	0.00000000	0.00000000	0.00000000	0.00000000	4.97672987	1.58843875	0.00000000	0.00000000	0.00000000	0.00000000	-0.01833356	24.24601746	2.28536224	354.64559937	344.53567505	
0.76463038	0.00176259	-0.00258527	0.00276549	39.99646378	10.40042686	7.59253120	4.01143551	1.55278182	0.00182791	0.00093757	0.15459538	0.07729769	5.45016241	2.50584412	0.30928802	0.45534229	0.00016975	0.00293524	-0.01717032	8.53530979	0.32785022	349.43820190	343.36984253	
5.52377081	0.00730349	0.00334151	0.01288982	100.40238953	14.33750439	13.85329056	13.17837524	2.21685338	0.00715284	0.00573698	0.79037291	0.39518645	6.98841047	2.21685338	0.99387157	4.52989912	0.00273442	0.01562424	-0.03192930	34.91882706	0.04403258	335.04391479	301.35809326	
6.30577087	0.00797139	0.00347355	0.01557105	128.80209351	15.68443680	15.59367085	14.91980553	1.86773229	0.00871200	0.00685906	1.09259295	0.54629648	7.52982664	1.86773229	0.99817413	5.30759621	0.00293628	0.01850733	-0.07394119	26.03409576	0.00000000	272.77612305	249.69378662	
6.28079033	0.00787695	0.00375604	0.01625870	152.43762207	15.54961491	16.04683304	15.20757294	2.05725360	0.00876578	0.00749292	1.28722274	0.64361137	7.82753134	2.05725360	0.99812806	5.28266287	0.00312274	0.01938144	-0.15987174	0.31632632	0.00000000	170.02876282	210.00817871	
6.25550222	0.00668597	0.00313576	0.01392771	124.34119415	15.51873875	14.93897533	14.32448387	1.72043788	0.00791495	0.00601275	1.10465026	0.55232513	7.26879358	1.72043788	0.99808007	5.25742149	0.00211175	0.01603946	-0.22403347	0.31969184	0.00000000	163.13250732	195.65533447	
6.20778656	0.00681593	0.00242153	0.01297043	112.04369354	14.82248497	14.63239861	13.95592022	1.89462364	0.00714139	0.00582903	0.89849794	0.44924897	6.97623014	1.89462364	0.99798256	5.20980310	0.00136453	0.01433495	-0.03051143	0.00000000	0.00000000	157.79104614	302.85244751	
3.59465289	0.00333772	-0.00062972	0.00600648	63.35940170	12.35597992	11.10284805	10.20030594	2.40049314	0.00366363	0.00234285	0.48200032	0.24100016	6.20135355	2.71569800	0.87565315	2.71900010	0.00175304	0.00775951	-0.02365773	0.00000000	0.00000000	221.51483154	323.59008789	
0.00000000	-0.00015569	-0.00350393	0.00000000	60.92809296	11.29168797	11.37946796	0.00000000	0.00000000	0.00000000	0.00000000	0.00000000	0.00000000	6.45550108	4.88567209	0.00000000	0.00000000	0.00000000	0.00000000	-0.01037315	0.00000000	0.00000000	236.49998474	388.35525513	
0.00000000	-0.00008675	-0.00177911	0.00000000	60.92809296	11.29168797	11.37946701	0.00000000	0.00000000	0.00000000	0.00000000	0.00000000	0.00000000	6.45550156	4.88567162	0.00000000	0.00000000	0.00000000	0.00000000	-0.02486235	0.00000000	0.00000000	260.05474854	321.42926025	
0.00000000	-0.00007023	-0.00143203	0.00000000	60.92809296	11.29168797	11.37946701	0.00000000	0.00000000	0.00000000	0.00000000	0.00000000	0.00000000	6.45550156	4.88567162	0.00000000	0.00000000	0.00000000	0.00000000	-0.02293476	1.03898227	0.00000000	285.61935425	325.52767944	
0.00000000	-0.00008171	-0.00151746	0.00000000	60.92809296	11.29168797	11.37946892	0.00000000	0.00000000	0.00000000	0.00000000	0.00000000	0.00000000	6.45550108	4.88567257	0.00000000	0.00000000	0.00000000	0.00000000	-0.01996811	0.00000000	0.00000000	293.10671997	335.18872070	
0.00000000	-0.00009728	-0.00219408	0.00000000	60.92809296	11.29168797	11.37946701	0.00000000	0.00000000	0.00000000	0.00000000	0.00000000	0.00000000	6.45550156	4.88567162	0.00000000	0.00000000	0.00000000	0.00000000	-0.02192139	32.01932526	3.75925088	356.82742310	331.26153564	
0.03546742	-0.00001978	-0.00348423	0.00016891	59.81354141	11.20312405	11.19851494	0.57767773	0.23574762	0.00014980	0.00001911	0.02144701	0.01072351	6.39117861	4.79570818	0.02691091	0.00855650	0.00000000	0.00016891	-0.02885266	50.82490540	4.66114473	359.54092407	313.73449707	
4.51306343	0.00669089	0.00213855	0.01166430	91.98305511	14.15326977	13.31531143	12.73452473	2.53046274	0.00688003	0.00478427	0.74132407	0.37066203	6.99010611	2.53046274	0.95535403	3.55770969	0.00213150	0.01379580	-0.02812357	41.18928909	2.58891249	349.27792358	311.34451294	
6.58123255	0.00830204	0.00336391	0.01577438	124.01632690	15.71954441	15.85636616	15.09743690	1.89462507	0.00867965	0.00709473	1.00064397	0.50032198	7.47291565	1.89462507	0.99861389	5.58261728	0.00314528	0.01891966	-0.03927537	13.41728687	0.00000000	294.34512329	285.78945923	
6.55647516	0.00793606	0.00240758	0.01677723	152.20625305	15.57305717	15.65957737	14.89410591	1.83146381	0.00905974	0.00771749	1.36906338	0.68453169	7.60459614	1.83146381	0.99857903	5.55789614	0.00229936	0.01907658	-0.03753959	0.00000000	0.00000000	187.82922363	290.71902466	
6.53007603	0.00773379	0.00180011	0.01514591	117.71480560	15.69307804	15.14145088	14.40706348	1.71371353	0.00847220	0.00667371	1.02254331	0.51127166	7.21433973	1.71371353	0.99854112	5.53153610	0.00109723	0.01624314	-0.01759609	0.00000000	0.00000000	157.54945374	358.88638306	
6.49312878	0.00550876	0.00001574	0.01130026	80.97536469	14.52730274	12.18190289	12.02481079	1.21799326	0.00667787	0.00462239	0.80787736	0.40393868	5.88542223	1.21799326	0.99848515	5.49464369	0.00019515	0.01149540	-0.01018802	0.00000000	0.00000000	249.02699280	395.66586304	
3.87957239	0.00318826	-0.00158452	0.00584730	51.80449295	11.29610729	9.21920872	8.86557770	1.72859895	0.00356062	0.00228668	0.44550645	0.22275323	5.23031521	1.80779254	0.88614821	2.99342370	0.00118673	0.00703403	-0.00554937	0.00000000	1.22959495	346.63583374	438.03771973	
0.00000000	-0.00018192	-0.00376760	0.00000000	11.44296169	4.32507944	2.58864832	0.00000000	0.00000000	0.00000000	0.00000000	0.00000000	0.00000000	2.18832684	1.22750080	0.00000000	0.00000000	0.00000000	0.00000000	-0.00906265	1.51176262	2.75754857	355.62899780	403.94403076	
0.00000000	-0.00011860	-0.00272286	0.00000000	11.44296169	4.32507896	2.58864808	0.00000000	0.00000000	0.00000000	0.00000000	0.00000000	0.00000000	2.18832660	1.22750080	0.00000000	0.00000000	0.00000000	0.00000000	-0.01114837	0.12626387	3.04770088	355.91116333	377.65722656	
