0.00000000	-0.00009474	-0.00202076	0.00000000	11.43528271	4.33544731	2.58836389	0.00000000	0.00000000	0.00000000	0.00000000	0.00000000	0.00000000	2.19304657	1.22751105	0.00000000	0.00000000	0.00000000	0.00000000	-0.00519502	2.99603772	1.63712430	126.36036682	126.67158508	
0.00000000	-0.00007814	-0.00161765	0.00000000	11.43528461	4.33544731	2.58836389	0.00000000	0.00000000	0.00000000	0.00000000	0.00000000	0.00000000	2.19304657	1.22751081	0.00000000	0.00000000	0.00000000	0.00000000	-0.00494904	5.30594492	3.06684136	127.94126892	128.60356140	
0.00000000	-0.00009068	-0.00188127	0.00000000	11.43528271	4.33544731	2.58836389	0.00000000	0.00000000	0.00000000	0.00000000	0.00000000	0.00000000	2.19304657	1.22751105	0.00000000	0.00000000	0.00000000	0.00000000	-0.00476714	7.54003859	4.41930294	129.21128845	129.87654114	
0.27717093	0.00077469	-0.00335948	0.00132172	26.66613197	6.11687517	4.86212254	2.63071036	1.15540648	0.00100146	0.00032026	0.11517637	0.05758819	3.30226588	2.09649801	0.14999257	0.12717830	0.00000000	0.00132172	-0.00439316	3.31442809	2.36153579	126.78773499	133.07044983	
4.72215080	0.00709366	0.00337198	0.01154481	82.97117615	13.43630123	13.08670712	12.41910458	2.62663150	0.00640501	0.00513980	0.59828079	0.29914039	6.82284451	2.62663150	0.98189098	3.74026060	0.00292401	0.01446882	-0.00536286	0.63984054	0.37490880	116.16854858	125.92866516	
5.92726946	0.00810831	0.00317859	0.01548755	132.21205139	15.45707703	15.52956200	14.81834984	2.03883386	0.00863398	0.00685356	1.10426295	0.55213147	7.65227509	2.03883386	0.99733424	4.92993593	0.00292776	0.01841531	-0.00990703	0.00000000	0.00000000	73.61153412	104.42592621	
5.90378904	0.00817821	0.00331791	0.01581662	135.73439026	15.63903522	15.66438866	14.95471954	2.02557921	0.00886498	0.00695164	1.14647281	0.57323641	7.76051188	2.02557921	0.99727094	4.90651846	0.00234139	0.01815801	-0.01839176	0.05806236	0.00000000	73.93994141	86.78305817	
5.88001776	0.00769209	0.00356471	0.01452386	130.53755188	15.47497749	15.91495800	14.89456749	2.22624516	0.00792396	0.00659990	1.00645828	0.50322914	7.74634600	2.22624516	0.99720520	4.88281345	0.00261638	0.01714025	-0.02462396	0.02672634	0.00000000	72.55909729	81.76203918	
5.84159040	0.00648081	0.00236748	0.01225725	103.59011841	14.73408222	14.03518963	13.31977654	1.89713705	0.00684966	0.00540758	0.85532922	0.42766461	6.87913990	1.89713705	0.99709296	4.84449673	0.00122130	0.01347854	-0.01149127	0.00000000	0.00000000	71.98166656	99.51953888	
3.43551779	0.00341938	0.00006429	0.00597338	55.62998199	11.41992569	9.90122414	9.52443790	2.21807241	0.00357476	0.00239862	0.44882908	0.22441454	5.69066572	2.30986738	0.87077755	2.56473994	0.00163158	0.00760496	-0.01096575	0.00000000	0.00000000	73.48808289	101.08950043	
0.00000000	-0.00014952	-0.00299849	0.00000000	15.55511665	5.73605490	3.46342230	0.00000000	0.00000000	0.00000000	0.00000000	0.00000000	0.00000000	2.89851356	1.42282343	0.00000000	0.00000000	0.00000000	0.00000000	-0.00652210	0.00000000	0.00000000	97.23261261	118.84571838	
0.00000000	-0.00009525	-0.00173420	0.00000000	15.55511665	5.73605490	3.46342254	0.00000000	0.00000000	0.00000000	0.00000000	0.00000000	0.00000000	2.89851356	1.42282355	0.00000000	0.00000000	0.00000000	0.00000000	-0.00559563	9.54847431	4.04791451	129.01937866	123.88950348	
0.00000000	-0.00006573	-0.00135797	0.00000000	15.55511665	5.73605490	3.46342254	0.00000000	0.00000000	0.00000000	0.00000000	0.00000000	0.00000000	2.89851356	1.42282355	0.00000000	0.00000000	0.00000000	0.00000000	-0.00658430	8.07478809	0.70446640	125.38987732	118.38406372	
0.00000000	-0.00007920	-0.00142636	0.00000000	15.55511665	5.73605490	3.46342230	0.00000000	0.00000000	0.00000000	0.00000000	0.00000000	0.00000000	2.89851356	1.42282331	0.00000000	0.00000000	0.00000000	0.00000000	-0.00524794	1.77586901	0.90129435	125.70125580	126.36295319	
0.00000000	-0.00010086	-0.00217438	0.00000000	15.55511665	5.73605490	3.46342254	0.00000000	0.00000000	0.00000000	0.00000000	0.00000000	0.00000000	2.89851356	1.42282355	0.00000000	0.00000000	0.00000000	0.00000000	-0.00492515	1.48110616	1.09010017	125.71386719	128.65605164	
0.07026611	0.00018381	-0.00366883	0.00045269	25.36235237	6.38721561	4.52267981	1.22476602	0.64771152	0.00037204	0.00008065	0.06654767	0.03327383	3.37232089	1.92825258	0.04850902	0.02175708	0.00000000	0.00045269	-0.00500524	3.03302860	1.71167064	125.95488739	128.19717407	
4.69118881	0.00696636	0.00261553	0.01177245	88.27587128	13.77288437	13.08446693	12.58815670	2.40123224	0.00675124	0.00502121	0.68405980	0.34202990	6.86230564	2.40123224	0.96666569	3.72452354	0.00244419	0.01421665	-0.00516573	1.92821157	1.12080824	110.50175476	127.26535034	
6.58138990	0.00719971	0.00259504	0.01396395	108.90605164	15.05624104	14.24042320	13.53592873	1.64101279	0.00780481	0.00615914	0.91579658	0.45789829	6.72511768	1.64101279	0.99861407	5.58277655	0.00284197	0.01680592	-0.00955802	1.32170999	0.00000000	87.76930237	105.69013977	
6.55564690	0.00797652	0.00362486	0.01519022	121.47391510	15.56521893	15.71745777	14.93425751	1.86450255	0.00840640	0.00678382	0.96645111	0.48322555	7.35426569	1.86450255	0.99857789	5.55706930	0.00306031	0.01825053	-0.01299667	0.00000000	0.00000000	77.91915894	96.27200317	
6.52925110	0.00725453	0.00263002	0.01484818	124.45469666	15.62653542	15.10787106	14.51823902	1.64333892	0.00839339	0.00645479	1.10164773	0.55082387	7.23922586	1.64333892	0.99853987	5.53071165	0.00143468	0.01628286	-0.01916163	0.64932686	0.00000000	75.91634369	85.18894196	
6.49230909	0.00582116	0.00214312	0.01137256	90.55055237	14.50829029	13.32024765	12.63681412	1.59859288	0.00632806	0.00504450	0.75932610	0.37966305	6.27894545	1.59859288	0.99848390	5.49382544	0.00151947	0.01289203	-0.01326640	0.10643370	0.00000000	80.85299683	98.58897400	
3.87908173	0.00318407	-0.00015019	0.00563952	47.71039581	11.16775703	9.01467037	8.60900116	1.82724559	0.00336509	0.00227443	0.40610230	0.20305115	5.35889101	1.92996013	0.88613427	2.99294758	0.00114993	0.00678945	-0.00557552	7.66966009	3.55999279	121.84459686	123.97042084	
0.00000000	-0.00017641	-0.00355327	0.00000000	29.44349861	9.84673023	5.70231581	0.00000000	0.00000000	0.00000000	0.00000000	0.00000000	0.00000000	4.97515917	1.59207654	0.00000000	0.00000000	0.00000000	0.00000000	-0.00507719	1.12335694	0.77453715	125.31496429	127.46636200	
0.00000000	-0.00009662	-0.00185312	0.00000000	29.44349670	9.84673119	5.70231581	0.00000000	0.00000000	0.00000000	0.00000000	0.00000000	0.00000000	4.97515917	1.59207642	0.00000000	0.00000000	0.00000000	0.00000000	-0.00561221	8.02516460	3.13447738	128.02291870	123.86016846	
0.00000000	-0.00008046	-0.00150152	0.00000000	29.44349670	9.84673119	5.70231581	0.00000000	0.00000000	0.00000000	0.00000000	0.00000000	0.00000000	4.97515917	1.59207642	0.00000000	0.00000000	0.00000000	0.00000000	-0.00620560	9.07784271	2.19426656	126.91812897	120.03612518	
0.00000000	-0.00007154	-0.00148624	0.00000000	29.44349861	9.84673023	5.70231581	0.00000000	0.00000000	0.00000000	0.00000000	0.00000000	0.00000000	4.97515917	1.59207654	0.00000000	0.00000000	0.00000000	0.00000000	-0.00500309	0.96541291	0.49621919	125.14536285	128.08712769	
0.00000000	-0.00012134	-0.00277890	0.00000000	29.44349670	9.84673119	5.70231581	0.00000000	0.00000000	0.00000000	0.00000000	0.00000000	0.00000000	4.97515917	1.59207642	0.00000000	0.00000000	0.00000000	0.00000000	-0.00534938	4.83464622	2.37038589	127.04647827	125.52529907	
0.73844582	0.00170127	-0.00258607	0.00267230	39.87852097	10.37697411	7.57507086	3.99594760	1.56178272	0.00178478	0.00088752	0.15360264	0.07680132	5.44320202	2.51702905	0.30574843	0.43269730	0.00019052	0.00286282	-0.00515485	0.81516147	0.30676654	123.10846710	127.01625824	
5.33461094	0.00700638	0.00312465	0.01238988	100.15894318	14.30487061	13.83395672	13.15366745	2.29395723	0.00691052	0.00547936	0.78621429	0.39310715	7.04812336	2.29395723	0.99281108	4.34179878	0.00311372	0.01550361	-0.01070565	8.39953899	0.03445039	109.18028259	102.49488831	
6.08983040	0.00781134	0.00308511	0.01518801	128.59152222	15.65778923	15.58311749	14.90118027	1.95055854	0.00852327	0.00666474	1.08739114	0.54369557	7.61535454	1.95055854	0.99773413	5.09209633	0.00322771	0.01841571	-0.01806645	0.85175139	0.00000000	77.56222534	87.07292938	
6.06570578	0.00806083	0.00322753	0.01629526	152.20475769	15.52510548	16.03803825	15.18867302	2.14923596	0.00881176	0.00748350	1.28107560	0.64053780	7.91268015	2.14923596	0.99767882	5.06802654	0.00298427	0.01927953	-0.02630951	1.52127969	0.00000000	74.49627686	77.87603760	
6.04128313	0.00706404	0.00270069	0.01424276	124.15283966	15.49273396	14.93031693	14.30829334	1.79872775	0.00810659	0.00613617	1.09935856	0.54967928	7.35720205	1.79872775	0.99762142	5.04366112	0.00171892	0.01596167	-0.03025297	10.80625057	0.00000000	83.47954559	74.39849091	
5.99520159	0.00671961	0.00288594	0.01270645	111.82125854	14.79487610	14.61752129	13.93523598	1.97354805	0.00702085	0.00568560	0.89417064	0.44708532	7.05399323	1.97354805	0.99750489	4.99769735	0.00155127	0.01425772	-0.01443002	0.02182710	0.00000000	78.81138611	92.69350433	
3.47155523	0.00315473	-0.00038671	0.00571228	63.13135910	12.31660843	11.07249737	10.17054176	2.44873810	0.00351201	0.00220027	0.47912955	0.23956478	6.21940994	2.76405025	0.87129790	2.60025716	0.00194425	0.00765652	-0.01238442	16.53562927	1.05613637	110.83356476	97.65966034	
0.00000000	-0.00015112	-0.00310130	0.00000000	60.72058487	11.26111126	11.34757614	0.00000000	0.00000000	0.00000000	0.00000000	0.00000000	0.00000000	6.43719435	4.88733912	0.00000000	0.00000000	0.00000000	0.00000000	-0.00615369	4.82935667	0.40884212	122.18994904	120.41252899	
0.00000000	-0.00008419	-0.00170528	0.00000000	60.72058487	11.26111126	11.34757519	0.00000000	0.00000000	0.00000000	0.00000000	0.00000000	0.00000000	6.43719435	4.88733959	0.00000000	0.00000000	0.00000000	0.00000000	-0.00717371	10.77346897	0.45546347	125.01144409	114.83988190	
0.00000000	-0.00006815	-0.00142148	0.00000000	60.72058487	11.26111126	11.34757519	0.00000000	0.00000000	0.00000000	0.00000000	0.00000000	0.00000000	6.43719435	4.88733959	0.00000000	0.00000000	0.00000000	0.00000000	-0.00624592	6.68868065	0.82500052	125.52664948	120.20454407	
0.00000000	-0.00007927	-0.00151918	0.00000000	60.72058487	11.26111126	11.34757710	0.00000000	0.00000000	0.00000000	0.00000000	0.00000000	0.00000000	6.43719435	4.88733912	0.00000000	0.00000000	0.00000000	0.00000000	-0.00531210	1.93691802	0.86045253	126.75050354	125.80175781	
0.00000000	-0.00009437	-0.00223911	0.00000000	60.72058487	11.26111126	11.34757519	0.00000000	0.00000000	0.00000000	0.00000000	0.00000000	0.00000000	6.43719435	4.88733959	0.00000000	0.00000000	0.00000000	0.00000000	-0.00519113	9.98945427	5.02472115	128.73731995	126.69331360	
0.03528241	-0.00001615	-0.00368726	0.00016811	59.61873245	11.17434216	11.16855526	0.57748389	0.23577362	0.00014918	0.00001894	0.02143480	0.01071740	6.37396479	4.79728985	0.02680665	0.00847576	0.00000000	0.00016811	-0.00519600	9.56759834	4.98268127	129.78833008	126.72557068	
4.48952198	0.00650200	0.00214889	0.01139917	91.94562531	14.14787674	13.31186390	12.73055363	2.54032469	0.00673330	0.00466587	0.74071199	0.37035599	6.99699926	2.54032469	0.95487702	3.53464627	0.00237611	0.01377528	-0.00909417	15.56645298	2.41999340	118.96602631	107.78659821	
6.54690313	0.00787791	0.00356423	0.01519215	123.98312378	15.71554089	15.85444069	15.09425640	1.90693438	0.00836481	0.00682733	0.99995965	0.49997982	7.48599672	1.90693438	0.99856544	5.54833746	0.00371445	0.01890660	-0.02436263	1.59472299	0.00000000	77.26353455	80.25912476	
6.52227592	0.00750885	0.00265090	0.01618230	152.17489624	15.56964684	15.65853119	14.89173508	1.84448361	0.00874974	0.00743256	1.36812413	0.68406206	7.61835670	1.84448361	0.99852967	5.52374649	0.00288121	0.01906351	-0.02206058	0.70679253	0.00000000	73.17367554	81.68421173	
6.49601555	0.00738985	0.00229313	0.01466819	117.68484497	15.68914604	15.13983631	14.40442181	1.72522271	0.00822346	0.00644473	1.02183962	0.51091981	7.22775841	1.72522271	0.99849063	5.49752474	0.00156414	0.01623233	-0.01111594	0.28765970	0.00000000	78.35034180	106.94329071	
6.45925903	0.00538141	0.00068061	0.01111034	80.95592499	14.52333641	12.18023300	12.02274227	1.22642279	0.00657501	0.00453533	0.80731881	0.40365940	5.89836359	1.22642279	0.99843305	5.46082735	0.00037785	0.01148819	-0.00580362	9.69798946	3.87244058	119.21975708	122.72203827	
3.85933566	0.00294801	-0.00093447	0.00552484	51.77874374	11.29068184	9.21576023	8.86208725	1.73511767	0.00338065	0.00214419	0.44512022	0.22256011	5.23494768	1.81427109	0.88556898	2.97376657	0.00149805	0.00702289	-0.00574209	5.49898195	2.35188699	124.63346100	122.95528412	
0.00000000	-0.00017973	-0.00329949	0.00000000	11.43536663	4.32221174	2.58694530	0.00000000	0.00000000	0.00000000	0.00000000	0.00000000	0.00000000	2.18688297	1.22687948	0.00000000	0.00000000	0.00000000	0.00000000	-0.00533480	5.36759520	2.79137015	127.46104431	125.69809723	
0.00000000	-0.00011720	-0.00248260	0.00000000	11.43536663	4.32221127	2.58694530	0.00000000	0.00000000	0.00000000	0.00000000	0.00000000	0.00000000	2.18688297	1.22687948	0.00000000	0.00000000	0.00000000	0.00000000	-0.00528940	5.08081293	2.91454196	127.81769562	126.03348541	
