0.00000000	-0.00009898	-0.00205205	0.00000000	11.49914837	4.35967207	2.60269904	0.00000000	0.00000000	0.00000000	0.00000000	0.00000000	0.00000000	2.20523047	1.23271525	0.00000000	0.00000000	0.00000000	0.00000000	-0.00230632	2.64397645	1.38249934	192.91696167	193.01118469	
0.00000000	-0.00008163	-0.00164174	0.00000000	11.49914837	4.35967255	2.60269904	0.00000000	0.00000000	0.00000000	0.00000000	0.00000000	0.00000000	2.20523047	1.23271525	0.00000000	0.00000000	0.00000000	0.00000000	-0.00219065	6.65288162	3.37957835	196.32179260	195.77555847	
0.00000000	-0.00009474	-0.00190358	0.00000000	11.49914837	4.35967207	2.60269904	0.00000000	0.00000000	0.00000000	0.00000000	0.00000000	0.00000000	2.20523047	1.23271525	0.00000000	0.00000000	0.00000000	0.00000000	-0.00216439	10.74480057	4.40146112	199.59587097	196.29356384	
0.28827080	0.00079782	-0.00332111	0.00136528	26.78652954	6.14541101	4.88149166	2.63974857	1.15073454	0.00102560	0.00033968	0.11589137	0.05794568	3.31628036	2.09581614	0.15285835	0.13541242	0.00000000	0.00136528	-0.00196699	2.58362579	2.21066761	194.33090210	201.23046875	
4.91126013	0.00725760	0.00349881	0.01185154	83.28530121	13.47920322	13.12013721	12.45559025	2.54422760	0.00653233	0.00531921	0.60209638	0.30104819	6.78014898	2.54422760	0.98414594	3.92711449	0.00278114	0.01463268	-0.00260691	3.36445904	0.45695695	182.90563965	187.56422424	
6.16463947	0.00835242	0.00320185	0.01600403	132.46208191	15.48735332	15.54173374	14.84022903	1.94310880	0.00888834	0.00711569	1.11033356	0.55516678	7.56002474	1.94310880	0.99789745	5.16674185	0.00252152	0.01852554	-0.00480321	0.00000000	0.00000000	105.48326111	154.73124695	
6.14021826	0.00849900	0.00334381	0.01644226	135.97734070	15.66904163	15.67479897	14.97611427	1.92931855	0.00917789	0.00726437	1.15279555	0.57639778	7.66581631	1.92931855	0.99784553	5.14237404	0.00182357	0.01826582	-0.00796349	0.00000000	0.00000000	84.43952179	129.61152649	
6.11549616	0.00824033	0.00361939	0.01541849	130.82473755	15.50640965	15.92930031	14.92117405	2.12648821	0.00837551	0.00704298	1.01202559	0.50601280	7.65909863	2.12648821	0.99779153	5.11770535	0.00183116	0.01724965	-0.00732562	0.00000000	0.00000000	82.84700012	139.25004578	
6.07552910	0.00682753	0.00237129	0.01286197	103.83124542	14.76597595	14.05127525	13.34247494	1.81250525	0.00714607	0.00571590	0.86008239	0.43004119	6.79392576	1.81250525	0.99769920	5.07782936	0.00070196	0.01356393	-0.00322425	0.00000000	0.00000000	81.82297516	176.38629150	
3.57309961	0.00356100	-0.00016845	0.00621890	55.85902023	11.46364594	9.93393612	9.55773544	2.16797304	0.00369043	0.00252847	0.45187339	0.22593670	5.66827011	2.25976825	0.87572050	2.69737959	0.00149601	0.00771492	-0.00246422	0.00000000	0.00000000	83.25239563	190.41258240	
0.00000000	-0.00015572	-0.00314084	0.00000000	15.61682320	5.76056957	3.47680140	0.00000000	0.00000000	0.00000000	0.00000000	0.00000000	0.00000000	2.90992761	1.42282522	0.00000000	0.00000000	0.00000000	0.00000000	-0.00207753	0.00000000	0.00000000	106.98377228	198.43936157	
0.00000000	-0.00009919	-0.00178744	0.00000000	15.61682320	5.76057005	3.47680116	0.00000000	0.00000000	0.00000000	0.00000000	0.00000000	0.00000000	2.90992761	1.42282522	0.00000000	0.00000000	0.00000000	0.00000000	-0.00204160	3.94761229	1.98594272	175.26533508	199.37664795	
0.00000000	-0.00006845	-0.00143297	0.00000000	15.61682320	5.76057005	3.47680116	0.00000000	0.00000000	0.00000000	0.00000000	0.00000000	0.00000000	2.90992761	1.42282522	0.00000000	0.00000000	0.00000000	0.00000000	-0.00221548	1.63477576	0.97065884	191.55287170	195.25611877	
0.00000000	-0.00008247	-0.00146135	0.00000000	15.61682320	5.76056957	3.47680140	0.00000000	0.00000000	0.00000000	0.00000000	0.00000000	0.00000000	2.90992761	1.42282522	0.00000000	0.00000000	0.00000000	0.00000000	-0.00210918	0.21660447	0.81457025	191.62426758	197.60856628	
0.00000000	-0.00010501	-0.00219400	0.00000000	15.61682320	5.76057005	3.47680116	0.00000000	0.00000000	0.00000000	0.00000000	0.00000000	0.00000000	2.90992761	1.42282522	0.00000000	0.00000000	0.00000000	0.00000000	-0.00196362	0.43367228	1.11483240	192.06430054	201.27403259	
0.07328224	0.00019052	-0.00366839	0.00047025	25.45352936	6.41253948	4.53759623	1.22802734	0.64603549	0.00038366	0.00008659	0.06687351	0.03343675	3.38463354	1.92657828	0.04986980	0.02341244	0.00000000	0.00047025	-0.00194327	0.88540691	1.75425637	192.97624207	201.95619202	
4.89255476	0.00714554	0.00282444	0.01212163	88.56229401	13.81572819	13.11188889	12.61979103	2.31675720	0.00690779	0.00521383	0.68858266	0.34429133	6.80734777	2.31675720	0.96986628	3.92268872	0.00225269	0.01437431	-0.00193473	0.20257559	1.01510096	177.92347717	202.42472839	
6.86389256	0.00748580	0.00254529	0.01453307	109.13359833	15.08665180	14.25326252	13.55567455	1.55526412	0.00808881	0.00644425	0.92074978	0.46037489	6.62032413	1.55526412	0.99895507	5.86493731	0.00235860	0.01689167	-0.00319340	1.48890412	0.00000000	153.24305725	176.66864014	
6.83704329	0.00843966	0.00373579	0.01599880	121.73463440	15.59666824	15.73220921	14.95785046	1.76875949	0.00882049	0.00717831	0.97169495	0.48584747	7.24725008	1.76875949	0.99892676	5.83811808	0.00234679	0.01834559	-0.00424734	0.00000000	0.00000000	113.06513214	161.96763611	
6.80951738	0.00755935	0.00261144	0.01547651	124.67024231	15.65640736	15.11826038	14.53715706	1.55280972	0.00870711	0.00676940	1.10764432	0.55382216	7.12736034	1.55280972	0.99889672	5.81062031	0.00088621	0.01636272	-0.00678681	0.00000000	0.00000000	85.99617767	136.60386658	
6.77098799	0.00622046	0.00228694	0.01205466	90.77534485	14.54017353	13.33703232	12.65766811	1.51881039	0.00666125	0.00539340	0.76347697	0.38173848	6.18189001	1.51881039	0.99885255	5.77213526	0.00090773	0.01296239	-0.00346228	0.00000000	0.00000000	90.54688263	176.53282166	
4.04558897	0.00327600	-0.00006953	0.00582323	47.91048050	11.21294022	9.04576969	8.64077568	1.77927160	0.00345239	0.00237085	0.40892109	0.20446055	5.33063650	1.88123286	0.89065385	3.15493512	0.00106250	0.00688574	-0.00214607	3.41931486	1.67002940	153.56126404	196.78178406	
0.00000000	-0.00018383	-0.00355329	0.00000000	29.48602676	9.87748432	5.70849466	0.00000000	0.00000000	0.00000000	0.00000000	0.00000000	0.00000000	4.98004675	1.58039844	0.00000000	0.00000000	0.00000000	0.00000000	-0.00199337	0.40053037	0.81906289	191.43887329	200.50828552	
0.00000000	-0.00010068	-0.00188806	0.00000000	29.48602676	9.87748337	5.70849466	0.00000000	0.00000000	0.00000000	0.00000000	0.00000000	0.00000000	4.98004627	1.58039844	0.00000000	0.00000000	0.00000000	0.00000000	-0.00219785	6.86902905	3.12052464	196.15591431	195.63449097	
0.00000000	-0.00008385	-0.00155489	0.00000000	29.48602676	9.87748337	5.70849466	0.00000000	0.00000000	0.00000000	0.00000000	0.00000000	0.00000000	4.98004627	1.58039844	0.00000000	0.00000000	0.00000000	0.00000000	-0.00228364	6.24659157	2.15247655	195.95306396	193.50740051	
0.00000000	-0.00007455	-0.00150427	0.00000000	29.48602676	9.87748528	5.70849466	0.00000000	0.00000000	0.00000000	0.00000000	0.00000000	0.00000000	4.98004675	1.58039844	0.00000000	0.00000000	0.00000000	0.00000000	-0.00192933	0.52554494	0.57213396	190.96719360	202.19018555	
0.00000000	-0.00012645	-0.00285137	0.00000000	29.48602676	9.87748337	5.70849466	0.00000000	0.00000000	0.00000000	0.00000000	0.00000000	0.00000000	4.98004627	1.58039844	0.00000000	0.00000000	0.00000000	0.00000000	-0.00204831	3.60771084	2.28536224	194.54562378	199.16252136	
0.77154934	0.00175976	-0.00257966	0.00276846	40.04253387	10.41768837	7.59930086	4.01545191	1.55036485	0.00182664	0.00094182	0.15485369	0.07742684	5.45366526	2.49860430	0.31019014	0.46135914	0.00018560	0.00295406	-0.00198188	0.37746680	0.32566172	189.32527161	200.90232849	
5.57375383	0.00727078	0.00304232	0.01288023	100.46434021	14.34581280	13.85820103	13.18453503	2.19701624	0.00713940	0.00574083	0.79143560	0.39571780	6.97249079	2.19701624	0.99412364	4.57963085	0.00277410	0.01565433	-0.00382960	9.91135311	0.03755720	174.76878357	167.63476562	
6.36282969	0.00820563	0.00296123	0.01592559	128.85549927	15.69120121	15.59633827	14.92444897	1.84657717	0.00889799	0.00702760	1.09391856	0.54695928	7.50722694	1.84657717	0.99827546	5.36455441	0.00260433	0.01852992	-0.00585623	0.49704444	0.00000000	114.21166992	145.85441589	
6.33762264	0.00864478	0.00312521	0.01731448	152.49667358	15.55583477	16.04905701	15.21229076	2.03375125	0.00931948	0.00799500	1.28878927	0.64439464	7.80501127	2.03375125	0.99823147	5.33939171	0.00209213	0.01940661	-0.00711470	0.00000000	0.00000000	83.93061829	138.29341125	
6.31210566	0.00731926	0.00314124	0.01480087	124.38895416	15.52533913	14.94116116	14.32858944	1.70044267	0.00838474	0.00641613	1.10599899	0.55299950	7.24547672	1.70044267	0.99818575	5.31392050	0.00125781	0.01605868	-0.02551449	14.09691906	0.00000000	93.69063568	91.35374451	
6.26395941	0.00690582	0.00323353	0.01312621	112.10012054	14.82949257	14.63616371	13.96116638	1.87444556	0.00721987	0.00590635	0.89960104	0.44980052	6.95565653	1.87444556	0.99809271	5.26586676	0.00122785	0.01435407	-0.01050652	0.26456466	0.00000000	87.98403931	118.44522858	
3.62718034	0.00325740	-0.00038935	0.00591822	63.41804123	12.36609554	11.11064053	10.20794296	2.38793492	0.00360950	0.00230872	0.48273996	0.24136998	6.19638109	2.70310783	0.87674904	2.75043178	0.00186752	0.00778575	-0.00659897	16.14505768	0.00000000	151.47084045	139.30973816	
0.00000000	-0.00015778	-0.00310600	0.00000000	60.98263931	11.29971600	11.38784695	0.00000000	0.00000000	0.00000000	0.00000000	0.00000000	0.00000000	6.46029758	4.88517809	0.00000000	0.00000000	0.00000000	0.00000000	-0.00372886	3.73504615	0.00000000	166.37937927	169.14508057	
0.00000000	-0.00008790	-0.00179763	0.00000000	60.98263931	11.29971600	11.38784695	0.00000000	0.00000000	0.00000000	0.00000000	0.00000000	0.00000000	6.46029758	4.88517809	0.00000000	0.00000000	0.00000000	0.00000000	-0.00242041	0.26095030	0.04784891	189.12065125	190.40414429	
0.00000000	-0.00007115	-0.00147979	0.00000000	60.98263931	11.29971600	11.38784695	0.00000000	0.00000000	0.00000000	0.00000000	0.00000000	0.00000000	6.46029758	4.88517809	0.00000000	0.00000000	0.00000000	0.00000000	-0.00192272	0.77558470	0.82500046	191.54995728	202.43524170	
0.00000000	-0.00008278	-0.00155121	0.00000000	60.98263550	11.29971600	11.38784695	0.00000000	0.00000000	0.00000000	0.00000000	0.00000000	0.00000000	6.46029758	4.88517809	0.00000000	0.00000000	0.00000000	0.00000000	-0.00185090	0.81940299	0.51561928	192.49287415	204.33544922	
0.00000000	-0.00009854	-0.00228439	0.00000000	60.98263931	11.29971600	11.38784695	0.00000000	0.00000000	0.00000000	0.00000000	0.00000000	0.00000000	6.46029758	4.88517809	0.00000000	0.00000000	0.00000000	0.00000000	-0.00173392	8.49449825	5.32324028	200.91798401	207.44387817	
0.03685365	-0.00001741	-0.00374193	0.00017486	59.87292099	11.21243191	11.20777893	0.57912177	0.23554786	0.00015442	0.00002044	0.02153819	0.01076909	6.39660358	4.79504728	0.02768252	0.00917112	0.00000000	0.00017486	-0.00173918	4.99513483	4.40888929	200.19636536	207.42652893	
4.68945456	0.00673097	0.00206152	0.01182803	92.25466156	14.19244480	13.34034443	12.76335621	2.45820093	0.00693960	0.00488844	0.74577355	0.37288678	6.93791389	2.45820093	0.95872790	3.73072767	0.00211525	0.01394329	-0.00335564	19.91871262	2.78637958	189.20156860	174.15805054	
6.83845663	0.00828054	0.00342617	0.01593604	124.25521851	15.74835777	15.87019253	15.12031460	1.80557370	0.00874397	0.00719207	1.00558710	0.50279355	7.37505865	1.80557370	0.99892831	5.83952856	0.00307518	0.01901122	-0.00743133	8.03561020	0.00000000	132.86895752	133.28355408	
6.81273127	0.00793825	0.00247797	0.01702648	152.43154907	15.59760666	15.66706753	14.91114330	1.73729241	0.00916596	0.00786052	1.37584770	0.68792385	7.50183201	1.73729241	0.99890018	5.81383228	0.00214177	0.01916825	-0.00606980	0.00000000	0.00000000	84.52610016	142.24440002	
6.78530216	0.00770192	0.00243184	0.01529968	117.93025970	15.72137070	15.15303516	14.42605305	1.63046527	0.00853417	0.00676551	1.02762628	0.51381314	7.11415005	1.63046527	0.99886972	5.78643227	0.00101914	0.01631881	-0.00296697	0.00000000	0.00000000	87.95509338	188.68429565	
6.74691057	0.00543809	0.00082313	0.01136727	81.11511993	14.55585957	12.19387150	12.03965950	1.15701985	0.00669888	0.00466839	0.81191081	0.40595540	5.78922319	1.15701985	0.99882466	5.74808550	0.00017860	0.01154587	-0.00175766	2.78126979	0.80962509	174.77571106	206.78089905	
4.03120375	0.00301744	-0.00090118	0.00569048	51.99162674	11.33556843	9.24426460	8.89092922	1.68078148	0.00345929	0.00223120	0.44832134	0.22416067	5.19502687	1.76027238	0.89028007	3.14092326	0.00142355	0.00711403	-0.00195860	4.78622866	3.31046700	194.07261658	201.47525024	
0.00000000	-0.00018777	-0.00332823	0.00000000	11.49958229	4.34646654	2.60134816	0.00000000	0.00000000	0.00000000	0.00000000	0.00000000	0.00000000	2.19908237	1.23210752	0.00000000	0.00000000	0.00000000	0.00000000	-0.00186786	3.17464089	2.75118923	196.31427002	203.87655640	
0.00000000	-0.00012244	-0.00251312	0.00000000	11.49958134	4.34646654	2.60134816	0.00000000	0.00000000	0.00000000	0.00000000	0.00000000	0.00000000	2.19908237	1.23210764	0.00000000	0.00000000	0.00000000	0.00000000	-0.00179757	1.41679811	3.05368614	195.81716919	205.79866028	
