0.00000000	-0.00005738	-0.00119866	0.00000000	10.79759884	4.09350538	2.44515300	0.00000000	0.00000000	0.00000000	0.00000000	0.00000000	0.00000000	2.07097721	1.17282116	0.00000000	0.00000000	0.00000000	0.00000000	-0.00337755	4.68019629	1.56283629	40.15146255	37.06289291	
0.00000000	-0.00004767	-0.00100677	0.00000000	10.79759789	4.09350538	2.44515300	0.00000000	0.00000000	0.00000000	0.00000000	0.00000000	0.00000000	2.07097721	1.17282116	0.00000000	0.00000000	0.00000000	0.00000000	-0.00317058	8.09141827	3.15577841	42.41162872	37.85290527	
0.00000000	-0.00005553	-0.00123687	0.00000000	10.79759884	4.09350538	2.44515300	0.00000000	0.00000000	0.00000000	0.00000000	0.00000000	0.00000000	2.07097721	1.17282116	0.00000000	0.00000000	0.00000000	0.00000000	-0.00319594	10.44613075	4.39889526	43.59164047	37.66721725	
0.27398217	0.00073886	-0.00147615	0.00119843	30.47840691	6.42862892	5.41822767	3.40555644	1.51995885	0.00096012	0.00023831	0.14524421	0.07262211	3.53015161	2.34093380	0.16710991	0.10687228	0.00022129	0.00141973	-0.00297981	5.71820402	2.31187963	41.25011826	38.47864151	
3.10463929	0.00406106	0.00199419	0.00678474	79.29918671	12.94330883	12.69791889	11.99561024	3.47337341	0.00410824	0.00267650	0.55528748	0.27764374	7.07797909	3.47337341	0.94437796	2.16026092	0.00555951	0.01234425	-0.00390103	2.89686608	0.75033432	34.54682922	35.73844910	
3.71610260	0.00471974	0.00189334	0.00920956	128.57421875	15.02143955	15.34491444	14.48977852	3.25958943	0.00550952	0.00370005	1.02179706	0.51089853	8.41506004	3.25958943	0.97567111	2.74043131	0.00715774	0.01636731	-0.00674473	0.19071785	0.00000000	23.89743614	30.14468575	
3.70138073	0.00462027	0.00191808	0.00922559	132.18923950	15.20728111	15.50528908	14.63216496	3.25513005	0.00554657	0.00367902	1.06065094	0.53032547	8.54898739	3.25513005	0.97531039	2.72607064	0.00692624	0.01615183	-0.01762618	3.40094352	0.00768326	25.32682419	22.35495186	
3.68647766	0.00434876	0.00186588	0.00846067	126.37625122	15.02350330	15.69816399	14.50664139	3.48916507	0.00497495	0.00348572	0.93094599	0.46547300	8.44792557	3.48916507	0.97493958	2.71153855	0.00667668	0.01513735	-0.01803177	1.43192756	0.00000000	21.62552643	24.39669418	
3.66238475	0.00389330	0.00121654	0.00744780	100.12219238	14.27705097	13.79464054	12.99127579	2.96293736	0.00450513	0.00294268	0.79093415	0.39546707	7.59014988	2.96293736	0.97431904	2.68806601	0.00446896	0.01191676	-0.00470494	0.00000000	0.00000000	22.35874557	33.90694046	
2.15389848	0.00202044	-0.00021216	0.00358600	52.72295380	10.87446117	9.48733616	9.09755039	2.75197124	0.00238074	0.00120527	0.41157603	0.20578802	5.78209019	2.84335876	0.79138350	1.36251462	0.00252337	0.00610937	-0.00407238	0.00000000	0.00000000	23.86059189	35.31495285	
0.00000000	-0.00009293	-0.00196883	0.00000000	14.95427799	5.49837685	3.33293200	0.00000000	0.00000000	0.00000000	0.00000000	0.00000000	0.00000000	2.78595757	1.41650522	0.00000000	0.00000000	0.00000000	0.00000000	-0.00339345	3.34015632	1.00866735	38.27884293	37.03885651	
0.00000000	-0.00005967	-0.00119045	0.00000000	14.95427799	5.49837732	3.33293200	0.00000000	0.00000000	0.00000000	0.00000000	0.00000000	0.00000000	2.78595757	1.41650510	0.00000000	0.00000000	0.00000000	0.00000000	-0.00336381	11.10938931	4.18892097	43.80270767	37.16826630	
0.00000000	-0.00004110	-0.00092291	0.00000000	14.95427799	5.49837732	3.33293200	0.00000000	0.00000000	0.00000000	0.00000000	0.00000000	0.00000000	2.78595757	1.41650510	0.00000000	0.00000000	0.00000000	0.00000000	-0.00382694	4.41111088	0.78385156	39.19068527	35.81288910	
0.00000000	-0.00004966	-0.00100122	0.00000000	14.95427704	5.49837637	3.33293200	0.00000000	0.00000000	0.00000000	0.00000000	0.00000000	0.00000000	2.78595757	1.41650522	0.00000000	0.00000000	0.00000000	0.00000000	-0.00340211	3.47088575	0.81340367	39.71123505	36.97150040	
0.00000000	-0.00006365	-0.00158691	0.00000000	14.95427799	5.49837732	3.33293200	0.00000000	0.00000000	0.00000000	0.00000000	0.00000000	0.00000000	2.78595757	1.41650510	0.00000000	0.00000000	0.00000000	0.00000000	-0.00308288	3.31121373	1.13042283	40.07094193	38.08290482	
0.33517429	0.00084205	-0.00126918	0.00138953	39.09846115	7.26211834	5.93157291	3.38531637	1.57143557	0.00103507	0.00035445	0.18971990	0.09485995	4.01494646	2.51577282	0.19561005	0.13956428	0.00044524	0.00183476	-0.00300968	4.02443886	1.71580446	38.73546600	38.41396332	
3.24616003	0.00421537	0.00178716	0.00730969	85.62404633	13.44281101	12.86071587	12.31789780	3.13424921	0.00449697	0.00281272	0.64486110	0.32243055	7.24501085	3.13424921	0.95210981	2.29404974	0.00540550	0.01271519	-0.00331005	2.65094233	0.91436923	32.90650177	37.47212601	
3.84571481	0.00439858	0.00164825	0.00840387	105.21463776	14.56618786	14.02205372	13.20473194	2.86296558	0.00506522	0.00333865	0.84078705	0.42039353	7.69429874	2.86296558	0.97862858	2.86708617	0.00648066	0.01488453	-0.00509112	5.80728388	1.21281111	34.56838226	32.87721634	
3.83047986	0.00465861	0.00198082	0.00886565	117.24330139	15.05871296	15.46681309	14.54664326	3.22776747	0.00527565	0.00359000	0.88709533	0.44354767	8.29824257	3.22776747	0.97830063	2.85217953	0.00726688	0.01613254	-0.00679371	2.15201426	0.02433320	28.64626503	30.09380150	
3.81505728	0.00432106	0.00151606	0.00876291	120.92819977	15.14510250	14.92923832	14.20126247	2.94259357	0.00532862	0.00343429	1.01097190	0.50548595	8.26284599	2.94259357	0.97796327	2.83709383	0.00571561	0.01447851	-0.01065242	2.67029214	0.24718297	26.27712822	26.63392067	
3.78595686	0.00371462	0.00120390	0.00704854	86.94145203	13.99423790	13.03805447	12.29620743	2.72220898	0.00426539	0.00278315	0.69641298	0.34820649	7.17270327	2.72220898	0.97729725	2.80865955	0.00429094	0.01133948	-0.00358661	2.03827810	0.83157343	28.59795761	36.55009842	
2.19228005	0.00186046	-0.00019355	0.00327911	44.74529266	10.50604057	8.54610062	8.13238811	2.40313792	0.00219650	0.00108261	0.36652297	0.18326148	5.48223734	2.51369333	0.79424638	1.39803338	0.00194417	0.00522328	-0.00375531	11.60765839	4.31011772	43.17784119	35.91951752	
0.00000000	-0.00010514	-0.00223725	0.00000000	28.94789314	9.49952602	5.62871361	0.00000000	0.00000000	0.00000000	0.00000000	0.00000000	0.00000000	4.89717245	1.71360695	0.00000000	0.00000000	0.00000000	0.00000000	-0.00328811	2.87129569	0.77531362	39.35689163	37.37551498	
0.00000000	-0.00005852	-0.00131854	0.00000000	28.94789124	9.49952507	5.62871313	0.00000000	0.00000000	0.00000000	0.00000000	0.00000000	0.00000000	4.89717245	1.71360695	0.00000000	0.00000000	0.00000000	0.00000000	-0.00366601	9.54595375	3.14455819	42.50171661	36.21183014	
0.00000000	-0.00004831	-0.00105269	0.00000000	28.94789124	9.49952507	5.62871313	0.00000000	0.00000000	0.00000000	0.00000000	0.00000000	0.00000000	4.89717245	1.71360695	0.00000000	0.00000000	0.00000000	0.00000000	-0.00356377	6.53150749	2.19930696	40.80580521	36.52165604	
0.00000000	-0.00004278	-0.00099470	0.00000000	28.94789314	9.49952698	5.62871408	0.00000000	0.00000000	0.00000000	0.00000000	0.00000000	0.00000000	4.89717245	1.71360683	0.00000000	0.00000000	0.00000000	0.00000000	-0.00312025	1.72114241	0.50145078	38.72914886	37.95959854	
0.00000000	-0.00007212	-0.00174962	0.00000000	28.94789124	9.49952507	5.62871313	0.00000000	0.00000000	0.00000000	0.00000000	0.00000000	0.00000000	4.89717245	1.71360695	0.00000000	0.00000000	0.00000000	0.00000000	-0.00350939	6.84823656	2.32885408	41.18755341	36.63678360	
0.92807418	0.00171917	-0.00057247	0.00268093	46.23299408	10.45103741	8.56745911	6.03546429	2.47174335	0.00189554	0.00078539	0.23471379	0.11735690	5.67204618	3.15718579	0.42956144	0.49851280	0.00111087	0.00379180	-0.00321022	0.81924284	0.09018553	35.82635117	37.67940521	
3.55683732	0.00424827	0.00203567	0.00767929	97.06339264	13.88432121	13.58452129	12.83172417	3.18407369	0.00459708	0.00308220	0.73415446	0.36707723	7.54082632	3.18407369	0.96991843	2.58691931	0.00606262	0.01374191	-0.00663496	2.47880650	0.31044301	30.05756950	30.78306770	
3.78407240	0.00465603	0.00197206	0.00915149	125.05707550	15.21500301	15.39825344	14.56681156	3.17442036	0.00550003	0.00365146	1.00578785	0.50289392	8.44222641	3.17442036	0.97726989	2.80680203	0.00726311	0.01641461	-0.01269610	1.81002831	0.39233515	25.18327522	26.17009926	
3.76908135	0.00464070	0.00183094	0.00961354	148.29002380	15.11751842	15.88320446	14.85731983	3.50263476	0.00559058	0.00402296	1.18471253	0.59235626	8.72791386	3.50263476	0.97692651	2.79215527	0.00748030	0.01709384	-0.02092932	6.42555618	0.08394167	26.50044632	23.13662338	
3.75390697	0.00417219	0.00160015	0.00854237	120.98310852	15.06099892	14.77757168	14.03510761	2.95770073	0.00521304	0.00332932	1.01647055	0.50823528	8.23374844	2.95770073	0.97657382	2.77733207	0.00572577	0.01426814	-0.02205712	8.94057083	0.93234390	28.53046227	22.05315018	
3.72034121	0.00398097	0.00142304	0.00762853	108.11695099	14.33662701	14.36050224	13.58592701	3.12595916	0.00454214	0.00308639	0.82628608	0.41314304	7.79326725	3.12595916	0.97574919	2.74459219	0.00497913	0.01260766	-0.00498038	1.17473245	0.09461673	28.58901405	33.08316422	
2.12178659	0.00191047	-0.00041641	0.00346709	59.76249695	11.73217773	10.61721516	9.71699810	3.04118872	0.00237011	0.00109697	0.43793646	0.21896823	6.29429245	3.35624576	0.78643990	1.33534670	0.00253449	0.00600158	-0.00466401	5.31071091	2.23934793	28.83628273	33.87799454	
0.00000000	-0.00009233	-0.00191057	0.00000000	58.29883575	10.90089989	10.97088718	0.00000000	0.00000000	0.00000000	0.00000000	0.00000000	0.00000000	6.21835184	4.88338614	0.00000000	0.00000000	0.00000000	0.00000000	-0.00496425	6.64915228	0.63914514	38.54515457	32.87041855	
0.00000000	-0.00005163	-0.00107877	0.00000000	58.29883575	10.90090084	10.97088718	0.00000000	0.00000000	0.00000000	0.00000000	0.00000000	0.00000000	6.21835184	4.88338661	0.00000000	0.00000000	0.00000000	0.00000000	-0.00586907	8.29247952	0.46962711	38.81613922	31.15388680	
0.00000000	-0.00004199	-0.00096149	0.00000000	58.29883575	10.90090084	10.97088718	0.00000000	0.00000000	0.00000000	0.00000000	0.00000000	0.00000000	6.21835184	4.88338661	0.00000000	0.00000000	0.00000000	0.00000000	-0.00411605	5.14171934	0.82500106	39.28951645	34.97493744	
0.00000000	-0.00004910	-0.00110144	0.00000000	58.29883575	10.90089989	10.97088718	0.00000000	0.00000000	0.00000000	0.00000000	0.00000000	0.00000000	6.21835184	4.88338566	0.00000000	0.00000000	0.00000000	0.00000000	-0.00369746	3.78985929	0.77116680	40.42014313	36.13512421	
0.00000000	-0.00005776	-0.00144139	0.00000000	58.29883575	10.90090084	10.97088718	0.00000000	0.00000000	0.00000000	0.00000000	0.00000000	0.00000000	6.21835184	4.88338661	0.00000000	0.00000000	0.00000000	0.00000000	-0.00342873	12.62500000	5.09762621	43.23995972	36.88427353	
0.34771830	0.00078487	-0.00128944	0.00128837	59.31567001	11.02573681	10.68012810	3.25920272	1.18202901	0.00101495	0.00027342	0.16053553	0.08026776	6.26753569	4.43761969	0.19948226	0.14823599	0.00037807	0.00166644	-0.00346584	12.40685558	4.73583174	44.42521667	36.84326935	
3.36764765	0.00397386	0.00162565	0.00727058	90.40227509	13.95261669	13.23029804	12.59554386	3.10305929	0.00449208	0.00277850	0.70765495	0.35382748	7.42249632	3.10305929	0.95689094	2.41075659	0.00571490	0.01298548	-0.00877856	13.83331490	2.99813890	37.48579407	28.00864220	
3.98964190	0.00446625	0.00220186	0.00880697	120.12239838	15.25223637	15.62136650	14.71849537	3.18349743	0.00517851	0.00362846	0.92494386	0.46247193	8.38112640	3.18349743	0.98149353	3.00814795	0.00810606	0.01691303	-0.03057521	6.05685234	0.02131247	24.31605148	19.46095657	
3.97383690	0.00460289	0.00148909	0.00987067	148.49490356	15.17375088	15.52926731	14.58809853	3.20178723	0.00572551	0.00414515	1.26517916	0.63258958	8.58891773	3.20178723	0.98119867	2.99263740	0.00718950	0.01706017	-0.00818898	1.61250389	0.06817280	24.65050125	28.27431488	
3.95783591	0.00446213	0.00120575	0.00887586	114.19379425	15.23429489	14.94318962	14.09564877	2.92283535	0.00533021	0.00354566	0.94476485	0.47238243	8.17308617	2.92283535	0.98089540	2.97694087	0.00569594	0.01457181	-0.00450954	0.47547787	0.13054341	29.33502007	34.76878738	
3.92764735	0.00348420	0.00062866	0.00703324	78.68845367	14.06326199	11.97959900	11.77859974	2.10611677	0.00445994	0.00257331	0.74596709	0.37298355	6.86157036	2.10611677	0.98029542	2.94735122	0.00333136	0.01036460	-0.00366927	13.36031914	5.34139013	42.54059601	36.20304489	
2.27432585	0.00182231	-0.00047810	0.00337137	48.92548752	10.69896603	8.83126640	8.47258854	2.34938550	0.00228472	0.00108664	0.40412021	0.20206010	5.48192167	2.42500949	0.80184597	1.47248006	0.00226643	0.00563779	-0.00385987	7.87949562	2.64690852	40.19484329	35.60469055	
0.00000000	-0.00010951	-0.00201643	0.00000000	10.79710674	4.08103228	2.44370341	0.00000000	0.00000000	0.00000000	0.00000000	0.00000000	0.00000000	2.06517434	1.17217624	0.00000000	0.00000000	0.00000000	0.00000000	-0.00382537	8.70427990	2.74985647	41.72032166	35.72078323	
0.00000000	-0.00007302	-0.00177880	0.00000000	10.79710770	4.08103228	2.44370341	0.00000000	0.00000000	0.00000000	0.00000000	0.00000000	0.00000000	2.06517434	1.17217624	0.00000000	0.00000000	0.00000000	0.00000000	-0.00334207	8.24326038	2.98883009	42.28376770	37.15469742	
