0.00000000	-0.00009562	-0.00185940	0.00000000	60.92067719	11.44591999	11.44902706	0.00000000	0.00000000	0.00000000	0.00000000	0.00000000	0.00000000	6.53494692	4.90490103	0.00000000	0.00000000	0.00000000	0.00000000	-0.01153333	11.72635651	3.21755505	206.73887634	198.04875183	
0.00000000	-0.00007911	-0.00159602	0.00000000	60.92068100	11.44591999	11.44902611	0.00000000	0.00000000	0.00000000	0.00000000	0.00000000	0.00000000	6.53494740	4.90490007	0.00000000	0.00000000	0.00000000	0.00000000	-0.01028437	9.75324440	3.37958121	206.42179871	205.59378052	
0.00000000	-0.00009401	-0.00240098	0.00000000	60.92067719	11.44591999	11.44902706	0.00000000	0.00000000	0.00000000	0.00000000	0.00000000	0.00000000	6.53494692	4.90490103	0.00000000	0.00000000	0.00000000	0.00000000	-0.01081366	12.88445568	4.40146255	208.81565857	201.18350220	
0.86494166	0.00217441	-0.00251940	0.00343442	71.47501373	12.05884171	12.16954708	4.89063168	1.73337722	0.00225820	0.00117622	0.23527898	0.11763949	6.88334656	4.67631674	0.32115349	0.54378814	0.00024780	0.00368222	-0.00927777	2.67706060	1.79563367	203.30989075	209.82832336	
6.24842978	0.00729996	0.00327085	0.01253262	85.23808289	13.75887680	13.33966732	12.69085884	2.01703525	0.00664519	0.00588743	0.62624490	0.31312245	6.46518564	2.01703525	0.99664491	5.25178623	0.00310886	0.01564147	-0.01470679	8.43752193	0.10751904	190.15293884	188.85618591	
7.13301945	0.00815256	0.00214825	0.01667676	133.31831360	15.59141064	15.58290672	14.91519070	1.60578203	0.00915298	0.00752378	1.13155723	0.56577861	7.18466997	1.60578203	0.99920166	6.13381815	0.00218872	0.01886549	-0.02877075	0.00000000	0.00000000	115.70869446	154.15042114	
7.10476255	0.00809062	0.00282037	0.01685149	136.80856323	15.77216339	15.70994663	15.04748535	1.59020174	0.00930770	0.00754380	1.17490458	0.58745229	7.28125286	1.59020174	0.99917871	6.10558414	0.00174541	0.01859690	-0.06671807	0.00000000	0.00000000	103.07221985	122.35353851	
7.07615566	0.00753523	0.00346329	0.01525607	131.80921936	15.61447239	15.97788334	15.01251984	1.77424026	0.00820043	0.00705564	1.03149748	0.51574874	7.30116081	1.77424026	0.99915498	6.07700109	0.00233206	0.01758813	-0.09520528	0.09118382	0.00000000	101.12046051	113.99175262	
7.02218103	0.00631525	0.00194457	0.01284087	104.65583038	14.87489796	14.10557079	13.41994953	1.51491356	0.00706391	0.00577696	0.87660849	0.43830425	6.45117426	1.51491356	0.99910611	6.02307558	0.00098593	0.01382680	-0.03890333	0.00000000	0.00000000	101.63312531	141.56051636	
4.06623316	0.00345372	0.00027578	0.00626663	56.57780075	11.60089588	10.03629971	9.66197491	2.00076628	0.00365108	0.00261555	0.46154544	0.23077272	5.57379580	2.09250474	0.88963890	3.17659497	0.00178134	0.00804797	-0.02936033	0.00000000	0.00000000	103.18724823	153.82009888	
0.00000000	-0.00016620	-0.00287906	0.00000000	15.81609535	5.83986330	3.51998663	0.00000000	0.00000000	0.00000000	0.00000000	0.00000000	0.00000000	2.94656444	1.42194617	0.00000000	0.00000000	0.00000000	0.00000000	-0.01453547	0.00000000	0.00000000	126.74073029	187.45584106	
0.00000000	-0.00010603	-0.00166858	0.00000000	15.81609535	5.83986282	3.51998687	0.00000000	0.00000000	0.00000000	0.00000000	0.00000000	0.00000000	2.94656444	1.42194629	0.00000000	0.00000000	0.00000000	0.00000000	-0.01112048	11.07690144	2.29740310	191.36032104	200.86975098	
0.00000000	-0.00007346	-0.00132186	0.00000000	15.81609535	5.83986282	3.51998687	0.00000000	0.00000000	0.00000000	0.00000000	0.00000000	0.00000000	2.94656444	1.42194629	0.00000000	0.00000000	0.00000000	0.00000000	-0.01456204	16.48944283	0.97071373	201.65293884	187.00975037	
0.00000000	-0.00008947	-0.00153301	0.00000000	15.81609440	5.83986330	3.51998663	0.00000000	0.00000000	0.00000000	0.00000000	0.00000000	0.00000000	2.94656444	1.42194617	0.00000000	0.00000000	0.00000000	0.00000000	-0.01113252	3.63562226	0.81457025	201.72428894	199.85110474	
0.00000000	-0.00011704	-0.00305372	0.00000000	15.81609535	5.83986282	3.51998687	0.00000000	0.00000000	0.00000000	0.00000000	0.00000000	0.00000000	2.94656444	1.42194629	0.00000000	0.00000000	0.00000000	0.00000000	-0.01063365	3.41207314	1.11483240	202.16426086	202.29747009	
0.94956362	0.00230780	-0.00247445	0.00372722	49.12482452	8.43454361	7.27428150	4.88251066	1.82390058	0.00230455	0.00142267	0.27263233	0.13631617	4.63661480	2.62966990	0.34898242	0.60058123	0.00028454	0.00401176	-0.01122094	5.64340258	1.60676324	199.69970703	199.93037415	
6.03351498	0.00742597	0.00188888	0.01313281	90.13722229	14.12196732	13.29101181	12.81299686	1.84446359	0.00726356	0.00586926	0.71647888	0.35823944	6.50147057	1.84446359	0.99632972	5.03718615	0.00220467	0.01533748	-0.01181965	0.79273731	0.03899077	180.28244019	197.36544800	
6.77767658	0.00742056	0.00169807	0.01453644	109.06630707	15.07762718	14.24948788	13.54983425	1.58076870	0.00809550	0.00644094	0.91927332	0.45963666	6.65223694	1.58076870	0.99886101	5.77881575	0.00233033	0.01686677	-0.02589212	5.81097078	0.00000000	159.38442993	159.71850586	
6.75082636	0.00824751	0.00310006	0.01580969	121.65692902	15.58729267	15.72782135	14.95082188	1.79740238	0.00872422	0.00708546	0.97012740	0.48506370	7.27998734	1.79740238	0.99883014	5.75199652	0.00250808	0.01831777	-0.03569829	0.00000000	0.00000000	121.54208374	145.85038757	
6.72364521	0.00730998	0.00213084	0.01519623	124.60602570	15.64750385	15.11516953	14.53151894	1.57988536	0.00856532	0.00663091	1.10585177	0.55292588	7.16153240	1.57988536	0.99879789	5.72484779	0.00114314	0.01633937	-0.05522516	0.00000000	0.00000000	104.94473267	128.12701416	
6.67235899	0.00593197	0.00172136	0.01165697	90.70317841	14.52921772	13.33154488	12.65092754	1.54503798	0.00646691	0.00519007	0.76207441	0.38103721	6.21621370	1.54503798	0.99873173	5.67362690	0.00128308	0.01294005	-0.02792353	0.00000000	0.00000000	110.83706665	164.66496277	
3.86366749	0.00327962	-0.00024765	0.00576385	47.67121124	11.15734100	9.00844765	8.60273647	1.83257973	0.00344144	0.00232241	0.40551254	0.20275627	5.35636663	1.93572056	0.88410014	2.97956705	0.00100168	0.00676553	-0.01271734	6.70405579	2.04576206	171.76383972	192.84915161	
0.00000000	-0.00018538	-0.00370986	0.00000000	29.41908455	9.82915020	5.69875956	0.00000000	0.00000000	0.00000000	0.00000000	0.00000000	0.00000000	4.97219992	1.59868252	0.00000000	0.00000000	0.00000000	0.00000000	-0.01113903	4.59218407	0.81580287	201.53495789	199.96356201	
0.00000000	-0.00010147	-0.00192616	0.00000000	29.41908264	9.82915115	5.69875956	0.00000000	0.00000000	0.00000000	0.00000000	0.00000000	0.00000000	4.97219992	1.59868252	0.00000000	0.00000000	0.00000000	0.00000000	-0.01214530	14.29130650	3.12052464	206.25590515	196.48551941	
0.00000000	-0.00008464	-0.00161398	0.00000000	29.41908264	9.82915115	5.69875956	0.00000000	0.00000000	0.00000000	0.00000000	0.00000000	0.00000000	4.97219992	1.59868252	0.00000000	0.00000000	0.00000000	0.00000000	-0.01311241	15.11906052	2.19558144	204.38719177	191.57214355	
0.00000000	-0.00007539	-0.00164544	0.00000000	29.41908455	9.82914925	5.69875956	0.00000000	0.00000000	0.00000000	0.00000000	0.00000000	0.00000000	4.97219992	1.59868252	0.00000000	0.00000000	0.00000000	0.00000000	-0.01064906	4.46097565	0.52441084	201.01943970	203.72630310	
0.00000000	-0.00013000	-0.00352616	0.00000000	29.41908264	9.82915115	5.69875956	0.00000000	0.00000000	0.00000000	0.00000000	0.00000000	0.00000000	4.97219992	1.59868252	0.00000000	0.00000000	0.00000000	0.00000000	-0.01241151	13.03135967	2.28536224	204.64561462	194.26417542	
2.25746107	0.00411180	-0.00066115	0.00638442	55.72016525	11.41349125	9.93835640	8.02340508	2.61123252	0.00374108	0.00264334	0.33274376	0.16637188	6.06230021	3.03754830	0.63832164	1.61913943	0.00093381	0.00731823	-0.01185281	1.32514751	0.06373329	189.64164734	196.81304932	
6.37813330	0.00752314	0.00292247	0.01375739	101.53280640	14.48208141	13.94272804	13.29017448	1.86345506	0.00747782	0.00627957	0.80860519	0.40430260	6.73045588	1.86345506	0.99816787	5.37996531	0.00241114	0.01616854	-0.02804178	7.42193365	0.00000000	161.31944275	156.50166321	
6.60500669	0.00830740	0.00289370	0.01641302	129.07246399	15.71869755	15.60713482	14.94330025	1.76002872	0.00914157	0.00727145	1.09933209	0.54966605	7.41144466	1.76002872	0.99864644	5.60636044	0.00220619	0.01861922	-0.05667282	0.00000000	0.00000000	112.25492859	130.26194763	
6.57884121	0.00832098	0.00336874	0.01726002	152.73649597	15.58112144	16.05805779	15.23114491	1.93756747	0.00926533	0.00799469	1.29518712	0.64759356	7.70946455	1.93756747	0.99861056	5.58023071	0.00224603	0.01950605	-0.10345671	1.93445349	0.00000000	104.72366333	108.68035126	
6.55235195	0.00711349	0.00274226	0.01483410	124.58287811	15.55216694	14.95001602	14.34526253	1.61864674	0.00838032	0.00645377	1.11150682	0.55575341	7.14684916	1.61864674	0.99857324	5.55377817	0.00130052	0.01613462	-0.11673924	11.00780106	0.00000000	113.42739868	104.26809692	
6.48368406	0.00664207	0.00314097	0.01295810	112.31636810	14.85575199	14.65040493	13.98124599	1.79715037	0.00711033	0.00584776	0.90377903	0.45188951	6.87556648	1.79715037	0.99846452	5.48522043	0.00146727	0.01442537	-0.08284451	0.54175836	0.00000000	108.96253204	114.05662537	
3.64324236	0.00324992	-0.00102253	0.00594231	63.41026688	12.36463833	11.10904121	10.20714092	2.38475227	0.00362471	0.00231759	0.48276916	0.24138458	6.18904972	2.69997334	0.87581420	2.76742792	0.00183868	0.00778098	-0.02765343	20.50449944	0.00000000	172.29985046	173.27000427	
0.00000000	-0.00015749	-0.00342881	0.00000000	60.89879990	11.28738117	11.37497044	0.00000000	0.00000000	0.00000000	0.00000000	0.00000000	0.00000000	6.45292187	4.88592672	0.00000000	0.00000000	0.00000000	0.00000000	-0.00744167	0.55192548	0.00000000	187.24253845	224.04776001	
0.00000000	-0.00008638	-0.00145999	0.00000000	60.89879990	11.28738117	11.37497044	0.00000000	0.00000000	0.00000000	0.00000000	0.00000000	0.00000000	6.45292234	4.88592672	0.00000000	0.00000000	0.00000000	0.00000000	-0.01467633	15.71887112	0.39504799	200.70407104	185.46627808	
