0.00000000	-0.00005622	-0.00130256	0.00000000	58.43875122	11.07030201	11.05862331	0.00000000	0.00000000	0.00000000	0.00000000	0.00000000	0.00000000	6.30733204	4.90366650	0.00000000	0.00000000	0.00000000	0.00000000	-0.04596846	9.52657890	3.28975987	50.72940445	44.72595978	
0.00000000	-0.00004676	-0.00123592	0.00000000	58.43875504	11.07030010	11.05862331	0.00000000	0.00000000	0.00000000	0.00000000	0.00000000	0.00000000	6.30733252	4.90366602	0.00000000	0.00000000	0.00000000	0.00000000	-0.02184283	5.58099508	3.29985619	50.72498322	50.49879074	
0.00000000	-0.00005464	-0.00150231	0.00000000	58.43875122	11.07030201	11.05862331	0.00000000	0.00000000	0.00000000	0.00000000	0.00000000	0.00000000	6.30733204	4.90366650	0.00000000	0.00000000	0.00000000	0.00000000	-0.02500823	9.23954296	4.40111828	51.88236618	48.66491699	
0.39128086	0.00142856	-0.00176044	0.00207225	68.62313080	11.51708126	11.77705479	4.98163605	2.26113987	0.00164221	0.00043004	0.22366980	0.11183490	6.65880442	5.03988409	0.23916565	0.15211524	0.00001434	0.00208660	-0.01909313	3.25713038	2.11535692	49.23654556	51.04815292	
2.48619366	0.00567847	0.00285191	0.00843174	77.14161682	12.66011143	12.46935272	11.74805927	3.86101413	0.00537866	0.00305308	0.53143370	0.26571685	7.08130407	3.86101413	0.91098672	1.57520711	0.00253784	0.01096958	-0.02176941	1.37107420	0.97023690	41.71525955	49.99095535	
2.79283571	0.00639013	0.00336934	0.01050775	125.80784607	14.69575405	15.19525719	14.22835255	3.98003101	0.00668140	0.00382635	0.96553099	0.48276550	8.58883572	3.98003101	0.93875235	1.85408330	0.00397693	0.01448468	-0.13080913	0.00000000	0.00000000	18.75884438	39.03608704	
2.78177166	0.00283638	0.00146321	0.00619622	129.48081970	7.77777433	8.07844639	7.51551390	2.35570621	0.00372487	0.00247135	1.00217545	0.50108773	4.53052235	2.35571218	0.93807089	1.84370112	0.00217438	0.00837060	-2.71361613	0.52719438	0.00000000	20.71531868	25.89727592	
2.77057147	-0.00044519	-0.00073152	0.00184144	123.23516083	1.63149166	1.42111790	1.36244047	0.39367169	0.00105195	0.00078949	0.87956339	0.43978170	0.87495184	0.39372295	0.93737352	1.83319783	0.00024527	0.00208671	-52.01660919	4.61462164	0.00000000	23.06578255	18.62735748	
2.74943829	0.00280286	0.00113797	0.00546173	97.52906036	8.83186531	8.36881447	7.99374723	2.19322968	0.00348477	0.00197696	0.74706048	0.37353024	4.82844782	2.19325614	0.93601340	1.81342494	0.00121910	0.00668083	-8.53689098	1.49833262	0.00000000	21.55940628	29.24104881	
1.59207785	0.00280911	0.00043517	0.00420982	50.78481293	10.51696014	9.20968723	8.80567741	3.00514364	0.00296432	0.00124549	0.38823077	0.19411539	5.71254492	3.09609938	0.71766812	0.87440956	0.00084497	0.00505479	-0.07830413	0.00000000	0.00000000	19.00295830	40.26305771	
0.00000000	-0.00007651	-0.00214103	0.00000000	14.66808987	5.38579845	3.27065802	0.00000000	0.00000000	0.00000000	0.00000000	0.00000000	0.00000000	2.73163533	1.40981054	0.00000000	0.00000000	0.00000000	0.00000000	-0.04171309	1.88162661	0.55152553	40.29802322	44.46955872	
0.00000000	-0.00004901	-0.00135616	0.00000000	14.66808987	5.38579893	3.27065825	0.00000000	0.00000000	0.00000000	0.00000000	0.00000000	0.00000000	2.73163533	1.40981042	0.00000000	0.00000000	0.00000000	0.00000000	-0.03168889	10.38595104	4.12359858	52.61366272	46.63233185	
0.00000000	-0.00003373	-0.00102386	0.00000000	14.66808987	5.38579893	3.27065825	0.00000000	0.00000000	0.00000000	0.00000000	0.00000000	0.00000000	2.73163533	1.40981042	0.00000000	0.00000000	0.00000000	0.00000000	-0.03954576	3.03235769	0.91245538	46.52043915	44.82096481	
0.00000000	-0.00004064	-0.00113648	0.00000000	14.66808987	5.38579845	3.27065802	0.00000000	0.00000000	0.00000000	0.00000000	0.00000000	0.00000000	2.73163533	1.40981066	0.00000000	0.00000000	0.00000000	0.00000000	-0.02847432	1.51607966	0.81392819	46.87865448	47.39666367	
0.00000000	-0.00005211	-0.00183442	0.00000000	14.66808987	5.38579893	3.27065825	0.00000000	0.00000000	0.00000000	0.00000000	0.00000000	0.00000000	2.73163533	1.40981042	0.00000000	0.00000000	0.00000000	0.00000000	-0.02737837	1.78364813	1.06666791	47.61455917	47.73269272	
0.56869859	0.00185194	-0.00062823	0.00271218	47.73545837	8.12536144	7.21712780	5.13601160	2.32403588	0.00196623	0.00074594	0.26302341	0.13151170	4.57782221	3.02894115	0.31206772	0.25663084	0.00016681	0.00287898	-0.02315598	2.54705358	1.62207568	46.11845016	49.14427185	
2.91445041	0.00608061	0.00326486	0.00938298	84.66461182	13.32635307	12.78107548	12.21826649	3.34822536	0.00590236	0.00348062	0.63134485	0.31567243	7.29572868	3.34822536	0.94196862	1.97248161	0.00271764	0.01210063	-0.02472164	1.11654449	0.81629640	36.98575592	49.03140640	
3.20847178	0.00652485	0.00311024	0.01059666	103.66065979	14.36153984	13.92447948	13.05969906	3.27562952	0.00660666	0.00398999	0.81191671	0.40595835	7.85174417	3.27562952	0.95958132	2.24888968	0.00327984	0.01387650	-0.03136267	1.64642453	0.88369310	36.29944611	48.67693329	
3.19576097	0.00685753	0.00361330	0.01114288	115.46309662	14.84747791	15.35501003	14.37722397	3.68750262	0.00686957	0.00427331	0.85659027	0.42829514	8.43243790	3.68750262	0.95906436	2.23669624	0.00388237	0.01502525	-0.04645740	0.00000000	0.00000000	26.25081825	45.81233978	
3.18289328	0.00569893	0.00338034	0.00992990	119.42815399	14.75652122	14.66934681	13.89015102	3.37581038	0.00623132	0.00369859	0.97615635	0.48807818	8.32138157	3.37581038	0.95853424	2.22435975	0.00348662	0.01341652	-0.37252185	0.93757278	0.00000000	23.87290192	33.41144562	
3.15443468	-0.00098996	-0.00101755	0.00088439	85.44529724	0.09205376	0.09273619	0.09204367	0.09045231	0.00038746	0.00049693	0.67221540	0.33610770	0.09186544	0.09055676	0.95730561	2.19712853	0.00000000	0.00088439	-28.10485268	29.26605415	1.75620878	46.05059433	18.18749237	
1.79903841	0.00120673	-0.00031204	0.00222419	43.68526840	6.87285376	5.32253838	4.92546749	1.75939620	0.00158314	0.00064106	0.35328183	0.17664091	3.64218330	1.87184143	0.74823725	1.05080128	0.00028763	0.00251183	-1.91896951	21.30086708	4.74037027	52.58162689	36.26356506	
0.00000000	-0.00008493	-0.00255221	0.00000000	28.81755257	9.41148186	5.60890245	0.00000000	0.00000000	0.00000000	0.00000000	0.00000000	0.00000000	4.87168741	1.74157727	0.00000000	0.00000000	0.00000000	0.00000000	-0.02979730	0.91982394	0.81597483	46.63825226	47.28601837	
0.00000000	-0.00004681	-0.00152023	0.00000000	28.81755257	9.41148090	5.60890245	0.00000000	0.00000000	0.00000000	0.00000000	0.00000000	0.00000000	4.87168741	1.74157727	0.00000000	0.00000000	0.00000000	0.00000000	-0.02074236	5.45597887	3.12172723	50.92249680	50.02248383	
0.00000000	-0.00003873	-0.00118960	0.00000000	28.81755257	9.41148090	5.60890245	0.00000000	0.00000000	0.00000000	0.00000000	0.00000000	0.00000000	4.87168741	1.74157727	0.00000000	0.00000000	0.00000000	0.00000000	-0.02656845	3.99909496	2.20747232	48.59584808	48.24942398	
0.00000000	-0.00003437	-0.00112894	0.00000000	28.81755066	9.41148281	5.60890245	0.00000000	0.00000000	0.00000000	0.00000000	0.00000000	0.00000000	4.87168741	1.74157727	0.00000000	0.00000000	0.00000000	0.00000000	-0.02353000	0.62796223	0.50992596	46.02690887	49.19404984	
0.00000000	-0.00005829	-0.00220837	0.00000000	28.81755257	9.41148090	5.60890245	0.00000000	0.00000000	0.00000000	0.00000000	0.00000000	0.00000000	4.87168741	1.74157727	0.00000000	0.00000000	0.00000000	0.00000000	-0.01699697	3.51007676	2.26404142	49.12120056	51.81113815	
1.71547270	0.00364995	0.00107014	0.00537708	62.27054596	11.31700802	10.49483299	9.00845337	3.49331355	0.00350951	0.00186757	0.38770261	0.19385131	6.30717897	3.78357649	0.65970725	1.05576539	0.00124924	0.00662632	-0.03069691	0.00000000	0.08515119	34.73313904	47.20075607	
4.01327467	0.00633978	0.00351738	0.01054489	98.18283081	14.03061581	13.67661190	12.94732571	2.90917110	0.00613732	0.00440757	0.75139791	0.37569895	7.45407009	2.90917110	0.98166639	3.03160906	0.00388483	0.01442973	-0.02574360	0.00000000	0.00000000	26.24428558	49.55361557	
4.10203838	0.00345437	0.00202825	0.00792628	125.74165344	9.89997196	9.91112328	9.37838936	2.02652311	0.00446871	0.00345757	1.02080464	0.51040232	5.34508371	2.02652311	0.98346084	3.11857820	0.00372204	0.01164832	-2.57872868	1.30758429	0.03767575	23.41414261	28.16671181	
4.08578825	-0.00088991	-0.00138038	0.00317352	149.04925537	1.64882350	1.68675125	1.62856281	0.42966837	0.00140815	0.00176537	1.20243454	0.60121727	0.95311743	0.42967299	0.98319000	3.10259891	0.00058655	0.00376007	-34.38629913	17.91302490	0.36071733	37.87809372	19.73735237	
4.06933784	0.00021205	-0.00039932	0.00397172	121.59824371	3.91668057	3.70098972	3.53471828	0.80607212	0.00203409	0.00193763	1.03170490	0.51585245	2.06957603	0.80607212	0.98291117	3.08642697	0.00095174	0.00492346	-14804394.00000000	26.52629089	1.71859038	43.75506973	19.26780128	
4.01950884	-0.00008493	-0.00067239	0.00283263	108.80451202	3.18078923	2.75490522	2.68637443	0.55462354	0.00149724	0.00133540	0.83822602	0.41911301	1.56241536	0.55463153	0.98199177	3.03751636	0.00049392	0.00332655	-135.08827209	16.61486435	0.55114836	39.95743942	21.20094109	
2.22608471	0.00283539	0.00031095	0.00453184	60.06750107	11.78519630	10.65840816	9.75866890	2.99297667	0.00304503	0.00148681	0.44169068	0.22084534	6.29525232	3.30810905	0.79506856	1.43101621	0.00162812	0.00615996	-0.08149780	6.55219412	2.28833461	36.03784561	39.72366333	
0.00000000	-0.00009111	-0.00199047	0.00000000	58.41946030	10.91898537	10.98984051	0.00000000	0.00000000	0.00000000	0.00000000	0.00000000	0.00000000	6.22945690	4.88455153	0.00000000	0.00000000	0.00000000	0.00000000	-0.04370187	2.26576757	0.62858647	45.03643036	44.24559784	
0.00000000	-0.00005077	-0.00117084	0.00000000	58.41946030	10.91898441	10.98984051	0.00000000	0.00000000	0.00000000	0.00000000	0.00000000	0.00000000	6.22945738	4.88455153	0.00000000	0.00000000	0.00000000	0.00000000	-0.02667094	1.14635634	0.46521991	45.96810532	48.43392181	
